0.1,60.2,35.4,70
1.0,60.3,40.20,40.19,50
2.0,35.3,35.4,45
3.1,40.2,35.20,35.5,25
4.0,70.2,45.6,35.7,30
5.6,50.9,30.21,35.20,30.3,25
6.4,35.5,50.7,40.8,30
7.4,30.6,40.8,40,.10,30
8.6,30.7,40.9,45.11,30
9.5,30.8,45.12,25.21,45
10.7,30.11,40.14,30
11.8,30.10,40.12,35.15,25
12.9,25.11,35.13,35
13.12,35.15,35.17,25.18,30
14.10,30.15,40.16,35
15.11,25.13,35.14,40
16.14,35.17,45.18,65
17.13,25.16,45.18,30
18.13,30.16,65.17,30
19.1,50.20,40.21,60
20.1,20.3,35.5,30.19,40.21,25
21.5,35.9,45.19,60.20,25
*0.1,9.63,10
*1.0,9.2,17.64,8
*2.1,17.3,10.65,9
*3.2,10.4,7.66,9
*4.3,7.5,7.67,9
*5.4,7.6,17.68,9
*6.5,17.7,22
*7.6,22.8,17
*8.7,17.9,9
*9.8,9.10,10
*10.9,10.11,8
*11.10,8.12,8
*12.11,8.13,5
*13.12,5.14,7
*14.13,7.15,8
*15.14,8.16,7
*16.15,7.17,9
*17.16,9.18,7
*18.17,7.19,12
*19.18,.20,6
*20.19,.21,4
*21.20,4.22,16
*22.21,16.23,16
*23.22,16.24,7
*24.23,7.25,14
*25.24,14.26,12
*26.25,12.27,23
*27.26,23.28,6
*28.27,6.29,6
*29.28,6.30,18
*30.29,18.31,20
*31.30,20.32,17
*32.31,17.33,10
*33.32,10.34,9
*34.33,9.35,18
*35.34,18.36,8
*36.35,8.37,7
*37.36,7.38,11
*38.37,11.39,8
*39.38,8.40,23
*40.39,23.41,5
*41.40,5.42,10
*42.41,10.43,5
*43.42,5.44,8
*44.43,8.45,7
*45.44,7.46,7
*46.45,7.47,9
*47.46,9.48,10
*48.47,10.49,9
*49.48,9.50,10
*50.49,10.51,9
*51.50,9.52,8
*52.51,8.53,5
*53.52,5.54,10
*54.53,10.55,10
*55.54,10.56,7
*56.55,7.57,6
*57.56,6.58,10
*58.57,10.59,12
*59.58,12.60,9
*60.59,9.61,27
*61.60,27.62,9
*62.61,9.63,10
*63.62,10.64,13.0,10
*64.63,13.65,17.1,8
*65.64,17.66,9.2,9
*66.65,9.3,9
*67.68,7.4,9
*68.67,7.5,9